Testing Basic Perceptron Algorithm
Wrong predictions: 196
sample no.	feature values	actual	predict
0 [1.91646506 3.74547849 5.53390717 7.58235765 1.        ] 1 2
7 [1.70974525 3.82417683 5.88770963 8.35000529 1.        ] 1 2
10 [2.64255128 4.20685304 6.92078532 8.59237738 1.        ] 1 2
12 [1.21559087 4.03003188 5.44529686 7.31576858 1.        ] 1 2
15 [1.78142244 4.28246136 6.06429634 8.21861336 1.        ] 1 2
16 [1.99432725 4.5929674  5.2974197  9.52405956 1.        ] 1 2
17 [2.04475538 3.5498384  5.73291142 6.51817063 1.        ] 1 2
19 [2.38493099 4.96527433 6.25797378 8.48453452 1.        ] 1 2
21 [1.6927444  3.63529827 5.36439419 7.84928151 1.        ] 1 2
27 [2.30910517 3.52978264 6.20564743 7.90608131 1.        ] 1 2
30 [1.91293053 4.21906644 6.09826201 7.84933041 1.        ] 1 2
31 [1.34780487 3.7026161  5.66813078 7.69390057 1.        ] 1 2
36 [1.90108789 4.52542133 6.08688606 8.1555754  1.        ] 1 2
39 [2.33200183 3.34659082 6.03560741 8.20158032 1.        ] 1 2
40 [1.35431657 3.77160188 6.47433526 9.05717391 1.        ] 1 2
41 [2.21431834 4.09532018 6.70221592 8.16956455 1.        ] 1 2
46 [1.34741829 4.14876445 6.0087985  7.38200456 1.        ] 1 2
53 [2.73822654 4.08774262 6.35369463 8.5113334  1.        ] 1 2
54 [1.74566764 3.34134161 5.86957833 8.8073568  1.        ] 1 2
56 [1.90854557 3.51748628 5.95407576 7.06032152 1.        ] 1 2
58 [1.37456651 4.0156116  6.2633723  8.17293773 1.        ] 1 2
61 [1.68938709 3.96577068 5.63789146 8.08971583 1.        ] 1 2
62 [1.81956188 4.04059956 6.29698812 7.31876256 1.        ] 1 2
68 [2.41686239 3.72079731 6.4343475  7.88204274 1.        ] 1 2
69 [2.23945074 4.11371146 5.75114431 7.53552979 1.        ] 1 2
72 [1.85122756 3.75657989 5.61024205 7.95843942 1.        ] 1 2
75 [2.16500795 4.12811622 6.11375391 8.09436622 1.        ] 1 2
76 [1.580603   3.74564338 6.15671742 8.97901274 1.        ] 1 2
77 [2.48648662 4.52597945 6.37094857 7.2954893  1.        ] 1 2
78 [2.5828685  2.63551212 5.82622862 8.30080705 1.        ] 1 2
79 [2.09593865 4.24503764 5.48562187 7.43704741 1.        ] 1 2
80 [1.99876187 3.8046032  5.41773406 7.58723503 1.        ] 1 2
82 [2.01474978 5.23218937 6.22334976 8.34037369 1.        ] 1 2
84 [1.19357157 3.73053205 6.14300263 6.85674025 1.        ] 1 2
85 [1.61355706 3.79039653 6.31635873 7.88160034 1.        ] 1 2
87 [2.03794103 4.45061942 5.454512   6.77186286 1.        ] 1 2
89 [1.93373802 3.23428272 5.67820234 8.05370827 1.        ] 1 2
90 [1.76146526 4.60749284 6.02605319 7.69019263 1.        ] 1 2
92 [2.32129094 4.34930581 5.93580719 8.47441113 1.        ] 1 2
94 [1.52790119 3.81218328 5.61265679 7.89958296 1.        ] 1 2
96 [2.138304   4.98587798 6.28667064 7.49451742 1.        ] 1 2
101 [1.55361635 3.08019867 6.20316741 8.23912111 1.        ] 1 2
105 [1.99603843 4.67403356 6.35972859 7.38535688 1.        ] 1 2
108 [2.39190451 3.46122091 6.53253701 8.58551528 1.        ] 1 2
109 [1.07845114 4.63441217 5.42995025 7.33592281 1.        ] 1 2
110 [1.80983117 3.52199212 5.10376096 8.29290859 1.        ] 1 2
111 [2.36779798 4.20461075 5.76582335 8.41457602 1.        ] 1 2
112 [2.18912095 3.63794293 6.30629549 7.53792842 1.        ] 1 2
114 [2.83583743 3.81358497 6.41771887 7.95487829 1.        ] 1 2
116 [3.18031282 3.99889446 6.48355696 7.81956502 1.        ] 1 2
121 [1.47098276 4.49073153 5.49838956 7.63995511 1.        ] 1 2
123 [2.78348599 4.52642354 6.37703202 8.28904295 1.        ] 1 2
126 [2.0916885  4.89637728 4.79436652 8.06001155 1.        ] 1 2
128 [1.90049105 3.7778105  6.19171065 7.74002022 1.        ] 1 2
133 [2.07239468 4.21949785 6.94382902 7.37841412 1.        ] 1 2
136 [2.79878144 4.59625443 6.00015159 8.1027325  1.        ] 1 2
137 [2.22736641 4.53194997 6.41132469 6.65951706 1.        ] 1 2
139 [1.62687734 4.16568976 5.85286204 8.18093231 1.        ] 1 2
140 [2.61352807 3.78468787 7.01970048 7.73828289 1.        ] 1 2
141 [1.76367431 4.37820396 5.72844623 7.45385433 1.        ] 1 2
142 [1.73269869 4.58731904 5.94617029 7.88239228 1.        ] 1 2
145 [2.04968155 4.7195863  6.19564587 8.06926403 1.        ] 1 2
147 [1.72910404 3.71626682 6.32038265 7.65590904 1.        ] 1 2
151 [2.64365411 3.56044131 6.8423537  7.82276484 1.        ] 1 2
152 [1.62646759 3.62558924 5.64807986 7.92970906 1.        ] 1 2
155 [3.21191867 4.46046546 6.48502288 8.39642788 1.        ] 1 2
159 [1.70768328 3.85577738 5.73389903 7.50387096 1.        ] 1 2
160 [1.89110037 3.34936301 6.44886112 7.93760456 1.        ] 1 2
161 [1.76047078 4.8951299  5.81980938 8.43294971 1.        ] 1 2
165 [2.68067943 3.36457221 6.69266894 7.90905267 1.        ] 1 2
166 [2.6894244  4.05616076 5.4120762  8.29177341 1.        ] 1 2
169 [1.96375779 3.64484326 6.16418755 7.49684536 1.        ] 1 2
172 [ 3.99237585  8.08090113 12.34340583 16.05956163  1.        ] 1 2
173 [ 4.15975357  7.65456696 11.77586291 16.58566104  1.        ] 1 2
175 [ 4.3124503   8.08462318 11.48604125 15.18687984  1.        ] 1 2
176 [ 4.57722904  8.04661657 11.29743912 15.80765912  1.        ] 1 2
177 [ 3.3351582   8.35192192 12.63921605 15.63565217  1.        ] 1 2
180 [1.69291748 3.91312963 6.60277536 7.18567527 1.        ] 1 2
184 [1.2492918  3.67768914 6.28362174 7.77655414 1.        ] 1 2
188 [2.03742975 3.39224662 5.80663653 8.10951738 1.        ] 1 2
190 [2.86414488 4.27563576 5.82257032 8.59399271 1.        ] 1 2
191 [1.9500303  3.51124093 6.57343349 8.06771553 1.        ] 1 2
193 [1.14029511 4.34942855 6.27670021 8.1367794  1.        ] 1 2
195 [2.38166833 2.81118369 6.27526732 6.92080415 1.        ] 1 2
196 [1.84702669 4.42625616 6.3780635  7.76343526 1.        ] 1 2
197 [2.30947438 3.68323768 5.93522091 8.24385302 1.        ] 1 2
199 [1.9286242  3.85742653 6.69592633 8.06173872 1.        ] 1 2
200 [2.2495876  4.03516058 6.1126066  7.69976126 1.        ] 1 2
201 [2.23743399 3.8003362  6.16186159 8.79868577 1.        ] 1 2
203 [1.96915056 3.59758772 5.66039926 8.51696421 1.        ] 1 2
204 [2.50595823 4.55312728 5.54768841 7.64614366 1.        ] 1 2
206 [1.72356959 4.05524109 6.09202815 7.06883395 1.        ] 1 2
208 [2.18193908 3.28900862 5.70802351 7.14757327 1.        ] 1 2
209 [1.98543232 3.48137803 6.06078772 7.67115866 1.        ] 1 2
210 [1.85443679 3.35379278 5.80432322 7.70114916 1.        ] 1 2
211 [2.57871726 4.33852168 6.58406851 8.37481459 1.        ] 1 2
212 [2.62232126 3.81787226 5.50383486 8.67096907 1.        ] 1 2
216 [1.3571588  3.92182543 6.00706887 7.37558266 1.        ] 1 2
218 [1.55195578 3.58231165 6.26463406 7.95093143 1.        ] 1 2
220 [3.53506705 4.69352994 6.08107525 7.9738623  1.        ] 1 2
221 [2.33990201 4.23591025 5.68222376 7.01329362 1.        ] 1 2
222 [2.34521109 3.60780186 6.46954963 8.80249754 1.        ] 1 2
223 [1.51578247 4.50368631 6.26011818 8.42503748 1.        ] 1 2
225 [2.26337937 2.88901939 5.42824544 7.50795159 1.        ] 1 2
228 [1.82748169 4.79749181 5.88504192 9.11009081 1.        ] 1 2
229 [1.77803901 4.35610268 6.13910333 7.61377947 1.        ] 1 2
233 [1.15854927 4.11376034 6.34101906 8.10927163 1.        ] 1 2
234 [2.19178512 4.3729198  5.88492646 8.01306787 1.        ] 1 2
235 [1.3571285  4.11247461 6.14667251 8.47624098 1.        ] 1 2
238 [2.25777737 4.07496509 5.75828455 7.84072998 1.        ] 1 2
244 [2.61275742 4.38510261 5.93436986 8.23553716 1.        ] 1 2
245 [2.18211999 3.53351366 5.46918865 8.70841052 1.        ] 1 2
249 [1.9357505  4.16749767 6.28805217 8.73068415 1.        ] 1 2
253 [1.85038619 4.53957462 6.04669091 7.30019073 1.        ] 1 2
255 [2.16935067 4.8284739  6.1519076  7.38152294 1.        ] 1 2
257 [1.71631703 3.70728343 5.53327761 7.74231777 1.        ] 1 2
258 [1.67704888 4.41692532 5.9439333  8.54878682 1.        ] 1 2
259 [2.15715432 3.99752612 5.19363232 7.50095585 1.        ] 1 2
262 [2.32965152 4.52286001 6.37073422 8.71252377 1.        ] 1 2
263 [1.98027233 3.60617716 5.97731372 7.67060516 1.        ] 1 2
265 [1.58653205 4.226155   5.78628112 7.70914407 1.        ] 1 2
266 [1.84089073 4.1825303  5.13017732 8.0442204  1.        ] 1 2
267 [1.66597419 3.73545406 6.48258917 8.83630211 1.        ] 1 2
268 [1.15146953 3.70150542 6.08561875 8.04179009 1.        ] 1 2
270 [1.36838124 3.76768001 6.54437686 7.77344157 1.        ] 1 2
272 [2.08674116 4.33398183 6.31218613 7.33204346 1.        ] 1 2
273 [2.26453673 3.36756018 6.28769733 8.49239294 1.        ] 1 2
275 [1.12406242 4.12326938 5.72889027 7.91308817 1.        ] 1 2
276 [1.79523324 3.8739797  6.82137184 8.4436377  1.        ] 1 2
277 [2.51593741 4.40165506 5.90494461 7.56403837 1.        ] 1 2
280 [2.35541848 3.19455986 5.63843997 8.08797384 1.        ] 1 2
281 [1.93669184 3.96859395 6.92495151 7.80090182 1.        ] 1 2
284 [1.80520771 2.51624435 6.3764042  7.80635029 1.        ] 1 2
285 [2.2626572  4.24525787 6.20787679 8.59285372 1.        ] 1 2
286 [2.5454942  4.40333553 4.96158565 7.6547179  1.        ] 1 2
287 [2.43223862 4.1772296  5.63960523 8.27181181 1.        ] 1 2
288 [2.09376452 3.71674601 6.16692055 7.78264656 1.        ] 1 2
290 [3.03173407 3.67145838 6.28720281 8.08861019 1.        ] 1 2
298 [3.14517936 4.69884426 5.62791533 7.37427043 1.        ] 1 2
299 [1.5240115  4.26523318 5.67718637 8.71590135 1.        ] 1 2
300 [1.67534509 4.33798063 5.70602392 8.21425023 1.        ] 1 2
301 [2.22533118 3.77841278 5.40979647 7.58060717 1.        ] 1 2
302 [2.59010442 4.16878732 5.57859702 8.48421887 1.        ] 1 2
303 [1.5175365  3.67706342 6.25336467 7.18428346 1.        ] 1 2
305 [1.11363398 4.11571687 5.91262659 7.65579559 1.        ] 1 2
306 [2.19765258 4.08292087 6.45674035 7.86977889 1.        ] 1 2
313 [1.66476685 4.15865558 5.41648961 8.36820925 1.        ] 1 2
315 [2.82183606 3.4397963  5.50925284 7.88243279 1.        ] 1 2
318 [1.56737649 4.0131281  5.26091945 8.47545468 1.        ] 1 2
321 [1.59241217 4.62466584 5.55920694 7.33735677 1.        ] 1 2
322 [1.71167836 4.62203676 6.4757039  7.53254968 1.        ] 1 2
323 [1.23651953 3.2565755  6.98283519 8.06386098 1.        ] 1 2
327 [1.53627788 3.07510881 5.92038425 7.08160719 1.        ] 1 2
329 [2.04170092 4.47834562 5.51052786 8.11949611 1.        ] 1 2
330 [1.80188592 2.84127186 5.07988615 7.08364703 1.        ] 1 2
332 [2.22962779 4.4498009  5.84285279 8.11504041 1.        ] 1 2
333 [2.01361916 3.50022798 5.88899698 7.97267468 1.        ] 1 2
336 [1.48664952 4.26488409 6.22685777 8.47298788 1.        ] 1 2
337 [1.8182516  4.30091936 6.16273034 9.1125122  1.        ] 1 2
338 [2.4482323  3.75189646 5.6810186  8.11405423 1.        ] 1 2
339 [2.37910255 3.89825548 5.61702453 8.82694542 1.        ] 1 2
340 [1.98957834 3.09692964 4.90862263 8.17373217 1.        ] 1 2
342 [2.48364342 3.6583354  6.03965717 8.18804558 1.        ] 1 2
343 [2.38197644 4.94692075 6.22772986 7.6721427  1.        ] 1 2
345 [1.12040889 4.26475776 6.20585317 8.70865052 1.        ] 1 2
347 [1.73300426 3.16372633 6.43044412 7.2203106  1.        ] 1 2
348 [2.06873149 4.31575836 6.06212024 8.53567418 1.        ] 1 2
350 [2.53945295 3.99304898 6.20796233 8.01788821 1.        ] 1 2
353 [1.52232297 4.68999808 6.46137738 8.41057758 1.        ] 1 2
355 [1.56853411 2.87896976 6.29905614 7.9123609  1.        ] 1 2
356 [1.76797181 4.28936536 7.66228132 7.14979276 1.        ] 1 2
361 [1.98092593 5.4281442  5.51989538 8.82812621 1.        ] 1 2
364 [2.25466206 5.04592844 6.00952441 8.57520103 1.        ] 1 2
365 [2.40365849 3.36628972 5.45732717 8.25804413 1.        ] 1 2
367 [2.56611665 4.13165317 5.71993725 8.0219022  1.        ] 1 2
368 [1.73776613 4.04172574 6.86295257 6.91617203 1.        ] 1 2
369 [1.10338465 3.91561827 6.31395563 7.92929239 1.        ] 1 2
370 [2.27037687 3.91072419 5.45289666 7.91116812 1.        ] 1 2
371 [2.47360232 4.37445519 6.11156308 7.58077285 1.        ] 1 2
372 [2.16380113 3.90749194 5.64424987 7.69233243 1.        ] 1 2
376 [2.16167059 3.71464924 5.34798468 7.64110837 1.        ] 1 2
378 [2.52194021 4.04696349 6.49596328 7.73070741 1.        ] 1 2
380 [1.9314107  3.47917305 6.30617211 8.22951903 1.        ] 1 2
381 [2.16526824 3.75757943 6.33040957 7.33117527 1.        ] 1 2
384 [1.74700399 4.73786617 5.55262297 7.46376068 1.        ] 1 2
385 [2.22564973 4.21618738 6.64779352 6.68590198 1.        ] 1 2
386 [1.91148216 4.18066037 5.53707258 7.71235737 1.        ] 1 2
387 [2.35266462 4.31332253 6.14163169 7.2588151  1.        ] 1 2
388 [2.31727685 4.11930907 6.8396807  8.35031477 1.        ] 1 2
389 [1.3458046  4.31853626 5.95410514 7.97178563 1.        ] 1 2
391 [1.13466692 4.36926081 5.0233384  8.87662239 1.        ] 1 2
392 [1.6823412  3.89024107 5.7816166  8.17849344 1.        ] 1 2
393 [1.99009503 3.30024037 4.83801648 7.88033534 1.        ] 1 2
395 [2.30856983 3.29047827 6.36792365 7.93054646 1.        ] 1 2
396 [1.39531729 3.93828224 5.75393175 9.11928332 1.        ] 1 2
399 [2.42824851 4.14921044 5.45912376 8.91379464 1.        ] 1 2
Correctly classified: 204
Accuracy: 51.0